function [rho] = BakerBradley_spectral_2017(T1, T2,~)

% Jack W. Baker and Brendon A. Bradley (2017) Intensity Measure 
% Correlations Observed in the NGA-West2 Database, and Dependence
% of Correlations on Rupture and Site Parameters. Earthquake Spectra: 
% February 2017, Vol. 33, No. 1, pp. 145-156

% Developed by G.Candia, August 2018. Santiago.
% National Research Center for Integrated Natural Disaster Management
% CONICYT/FONDAP/15110017. FONDECYT N° 1170836 “SIBER-RISK: SImulation
% Based Earthquake Risk and Resilience of Interdependent Systems and NetworKs

T_min = min(T1, T2); 
T_max = max(T1, T2); 
T     = [-1;0;0.01;0.02;0.022;0.025;0.029;0.03;0.032;0.035;0.036;0.04;0.042;0.044;0.045;0.046;0.048;0.05;0.055;0.06;0.065;0.067;0.07;0.075;0.08;0.085;0.09;0.095;0.1;0.11;0.12;0.13;0.133;0.14;0.15;0.16;0.17;0.18;0.19;0.2;0.22;0.24;0.25;0.26;0.28;0.29;0.3;0.32;0.34;0.35;0.36;0.38;0.4;0.42;0.44;0.45;0.46;0.48;0.5;0.55;0.6;0.65;0.667;0.7;0.75;0.8;0.85;0.9;0.95;1;1.1;1.2;1.3;1.4;1.5;1.6;1.7;1.8;1.9;2;2.2;2.4;2.5;2.6;2.8;3;3.2;3.4;3.5;3.6;3.8;4;4.2;4.4;4.6;4.8;5;5.5;6;6.5;7;7.5;8;8.5;9;9.5;10];
[X,Y] = meshgrid(T);
V     = coeff_BakerBradley();

rho   = interp2(X,Y,V,T_min,T_max,'spline');

rho(and(T_min<0,T_min~=-1))= nan;
rho(and(T_max<0,T_max~=-1))= nan;
rho(T_max>10)              = nan;



function V=coeff_BakerBradley()
V=[1 0.8067 0.68927 0.68144 0.6791 0.6751 0.66886 0.66713 0.66347 0.65746 0.65534 0.6463 0.64144 0.63643 0.63387 0.63129 0.62607 0.62081 0.60764 0.59479 0.58268 0.57809 0.57149 0.56137 0.5524 0.54465 0.53807 0.53282 0.52893 0.52738 0.54059 0.55189 0.55509 0.56228 0.57235 0.58213 0.59106 0.599 0.60647 0.61375 0.62806 0.64196 0.64872 0.65531 0.66768 0.67358 0.67923 0.6897 0.69943 0.70396 0.70819 0.71599 0.72309 0.7295 0.73526 0.73785 0.74015 0.7442 0.74769 0.75504 0.76107 0.76593 0.76721 0.76903 0.77086 0.77172 0.77193 0.77163 0.7709 0.76984 0.76744 0.76513 0.76302 0.76114 0.7596 0.75824 0.75703 0.75592 0.75488 0.75386 0.75202 0.75043 0.74961 0.74862 0.74662 0.74456 0.74239 0.74006 0.73875 0.73726 0.73398 0.7305 0.7268 0.72289 0.71878 0.71447 0.70998 0.69884 0.68814 0.67878 0.66985 0.66048 0.65075 0.64502 0.63794 0.6294 0.61925
0.8067 1 0.95433 0.9576 0.95793 0.95819 0.95807 0.95792 0.95748 0.95641 0.95595 0.95356 0.95202 0.95026 0.94928 0.94822 0.94592 0.94341 0.93669 0.92984 0.92332 0.92083 0.9172 0.91164 0.90676 0.90251 0.89878 0.8956 0.89291 0.8902 0.89525 0.89826 0.8988 0.89963 0.9 0.89879 0.89632 0.89266 0.8884 0.88376 0.87412 0.86446 0.85955 0.85446 0.84404 0.83881 0.83347 0.82253 0.81179 0.80643 0.801 0.79017 0.77953 0.76907 0.75879 0.75367 0.7485 0.73822 0.7281 0.70397 0.6816 0.66077 0.65397 0.6411 0.6226 0.60522 0.58893 0.57366 0.55933 0.54588 0.52134 0.49956 0.48016 0.46283 0.4474 0.43353 0.42104 0.40976 0.39955 0.39031 0.37409 0.36026 0.35414 0.3485 0.33847 0.32971 0.322 0.31516 0.31202 0.30906 0.30357 0.29855 0.29391 0.28958 0.28547 0.28152 0.27768 0.26866 0.26029 0.25279 0.24588 0.23857 0.23153 0.23595 0.23921 0.24166 0.24354
0.68927 0.95433 1 0.99756 0.99655 0.99446 0.99098 0.98987 0.98729 0.98269 0.981 0.97319 0.96876 0.96398 0.96148 0.95894 0.95373 0.94846 0.93557 0.92415 0.91511 0.91219 0.90856 0.90413 0.90127 0.89947 0.89838 0.89773 0.89728 0.89695 0.89628 0.89569 0.89558 0.89535 0.89519 0.89517 0.89534 0.89522 0.89139 0.8814 0.86185 0.84368 0.83508 0.82677 0.81103 0.80352 0.79627 0.7823 0.7691 0.76275 0.75657 0.74465 0.73326 0.72236 0.71192 0.70685 0.7019 0.69228 0.68302 0.66122 0.6411 0.62243 0.61638 0.60505 0.5888 0.57339 0.55887 0.54513 0.53208 0.51966 0.49648 0.47522 0.4556 0.43738 0.42039 0.40447 0.38948 0.37533 0.36192 0.34917 0.32545 0.30375 0.29356 0.28372 0.26517 0.24787 0.23167 0.21643 0.20914 0.20206 0.18845 0.17553 0.16323 0.1515 0.1403 0.12958 0.11931 0.095376 0.073683 0.053556 0.035221 0.01821 0.0047283 0.019638 0.034134 0.047966 0.060938
0.68144 0.9576 0.99756 1 0.99985 0.99906 0.99692 0.99609 0.99402 0.99026 0.98887 0.9825 0.97878 0.97476 0.97265 0.97048 0.966 0.96138 0.94983 0.93927 0.93052 0.92759 0.9238 0.9189 0.91541 0.91294 0.91118 0.90986 0.90885 0.90745 0.90573 0.90447 0.90415 0.90349 0.9027 0.90206 0.9018 0.89709 0.88601 0.87514 0.85468 0.83575 0.82681 0.81819 0.80183 0.79404 0.78649 0.77207 0.75843 0.75188 0.7455 0.73322 0.72151 0.71031 0.69959 0.6944 0.68932 0.67947 0.66999 0.64774 0.62726 0.60829 0.60216 0.59068 0.57423 0.55869 0.54405 0.53022 0.51712 0.50466 0.48146 0.46023 0.44068 0.42258 0.40573 0.38996 0.37515 0.36119 0.34799 0.33546 0.31219 0.29096 0.28101 0.27142 0.25336 0.23657 0.22087 0.20613 0.19909 0.19225 0.17914 0.16671 0.1549 0.14366 0.13293 0.12268 0.11287 0.090074 0.069394 0.050508 0.033095 0.017054 0.004075 0.01844 0.032105 0.045154 0.057659
0.6791 0.95793 0.99655 0.99985 1 0.99962 0.99792 0.99719 0.9953 0.99174 0.99042 0.98434 0.98078 0.97691 0.97488 0.97278 0.96844 0.96396 0.95269 0.94229 0.93359 0.93066 0.92684 0.92184 0.91823 0.91562 0.91372 0.91227 0.91115 0.90953 0.9076 0.9062 0.90585 0.90511 0.90419 0.90345 0.90294 0.89585 0.88443 0.87343 0.85273 0.83359 0.82455 0.81585 0.79931 0.79145 0.78382 0.76927 0.75551 0.7489 0.74247 0.73009 0.71828 0.70701 0.69621 0.69098 0.68587 0.67596 0.66642 0.64404 0.62346 0.60442 0.59826 0.58674 0.57024 0.55465 0.53999 0.52614 0.51302 0.50055 0.47735 0.45613 0.43661 0.41854 0.40172 0.386 0.37124 0.35733 0.34418 0.33171 0.30857 0.28746 0.27758 0.26805 0.25013 0.23347 0.21791 0.2033 0.19633 0.18956 0.17659 0.16429 0.15262 0.1415 0.1309 0.12078 0.1111 0.088612 0.068222 0.049638 0.032488 0.016703 0.0038577 0.018064 0.031499 0.04433 0.056698
0.6751 0.95819 0.99446 0.99906 0.99962 1 0.99913 0.99859 0.99707 0.9939 0.9927 0.98707 0.98375 0.98013 0.97821 0.97624 0.97212 0.96785 0.95699 0.94685 0.93822 0.93528 0.93141 0.92625 0.92244 0.91962 0.9175 0.91585 0.91454 0.91258 0.91038 0.90879 0.90837 0.90751 0.90645 0.90564 0.90461 0.89369 0.88184 0.87061 0.84951 0.83002 0.82082 0.81197 0.79516 0.78716 0.77941 0.76464 0.75068 0.74398 0.73746 0.72491 0.71295 0.70154 0.69062 0.68533 0.68016 0.67014 0.66051 0.63792 0.61717 0.598 0.5918 0.58021 0.56362 0.54798 0.53327 0.51938 0.50624 0.49376 0.47055 0.44935 0.42987 0.41185 0.3951 0.37945 0.36476 0.35094 0.33788 0.32551 0.30257 0.28168 0.2719 0.26248 0.24478 0.22834 0.213 0.19863 0.19176 0.18511 0.17236 0.16028 0.14883 0.13793 0.12754 0.11763 0.10816 0.086182 0.066275 0.048167 0.031464 0.016106 0.0035805 0.017409 0.030458 0.042925 0.05498
0.66886 0.95807 0.99098 0.99692 0.99792 0.99913 1 0.99992 0.9993 0.99684 0.99577 0.99069 0.98771 0.98442 0.98266 0.98085 0.97705 0.97306 0.9628 0.95298 0.94444 0.94147 0.93752 0.93215 0.92805 0.92492 0.9225 0.92056 0.91897 0.91652 0.91407 0.91219 0.9117 0.91067 0.90941 0.90838 0.90273 0.88999 0.87789 0.86639 0.84469 0.82468 0.81524 0.80616 0.78894 0.78075 0.77283 0.75771 0.74345 0.73661 0.72995 0.71715 0.70497 0.69335 0.68224 0.67687 0.67162 0.66144 0.65166 0.62876 0.60776 0.58838 0.58213 0.57043 0.55371 0.53798 0.5232 0.50927 0.49609 0.48359 0.46038 0.43921 0.41979 0.40185 0.38519 0.36965 0.35509 0.3414 0.32847 0.31624 0.2936 0.27302 0.2634 0.25415 0.23678 0.22067 0.20567 0.19162 0.18493 0.17844 0.16602 0.15427 0.14314 0.13257 0.12251 0.11291 0.10375 0.082526 0.063361 0.045904 0.029894 0.01518 0.0032826 0.016372 0.028834 0.040754 0.052214
0.66713 0.95792 0.98987 0.99609 0.99719 0.99859 0.99992 1 0.99966 0.99751 0.9965 0.99159 0.9887 0.98549 0.98378 0.982 0.97828 0.97437 0.96425 0.95451 0.94599 0.94302 0.93905 0.93362 0.92945 0.92625 0.92374 0.92173 0.92007 0.9175 0.915 0.91304 0.91253 0.91146 0.91015 0.90908 0.90193 0.88901 0.87685 0.86526 0.84341 0.82325 0.81375 0.80461 0.78727 0.77904 0.77106 0.75586 0.74151 0.73463 0.72794 0.71508 0.70283 0.69116 0.68 0.6746 0.66933 0.65911 0.64929 0.6263 0.60524 0.58581 0.57954 0.56781 0.55106 0.5353 0.52051 0.50656 0.49337 0.48087 0.45765 0.4365 0.41709 0.39917 0.38254 0.36703 0.3525 0.33884 0.32595 0.31376 0.29119 0.2707 0.26112 0.25192 0.23464 0.21862 0.2037 0.18975 0.1831 0.17665 0.16432 0.15266 0.14162 0.13113 0.12116 0.11165 0.10257 0.081545 0.062576 0.045298 0.02947 0.014926 0.0031969 0.016087 0.028392 0.040167 0.051464
0.66347 0.95748 0.98729 0.99402 0.9953 0.99707 0.9993 0.99966 1 0.99877 0.99797 0.99341 0.99067 0.98763 0.986 0.9843 0.98073 0.97697 0.96714 0.95757 0.94909 0.94611 0.9421 0.93656 0.93225 0.92889 0.92624 0.92408 0.92228 0.91947 0.91683 0.91474 0.9142 0.91305 0.91165 0.91048 0.90019 0.88705 0.87471 0.86293 0.84074 0.82029 0.81066 0.80139 0.78382 0.77548 0.76741 0.75201 0.73749 0.73054 0.72377 0.71077 0.6984 0.68661 0.67535 0.6699 0.66458 0.65427 0.64437 0.62121 0.6 0.58046 0.57416 0.56238 0.54555 0.52974 0.51491 0.50094 0.48773 0.47522 0.452 0.43087 0.41149 0.39362 0.37704 0.36159 0.34713 0.33354 0.32073 0.30861 0.28621 0.26589 0.2564 0.24729 0.23019 0.21435 0.19962 0.18585 0.1793 0.17294 0.16079 0.14932 0.13846 0.12815 0.11835 0.10902 0.10012 0.07951 0.060942 0.04405 0.028591 0.014397 0.0029778 0.015493 0.027472 0.038942 0.04993
0.65746 0.95641 0.98269 0.99026 0.99174 0.9939 0.99684 0.99751 0.99877 1 0.99986 0.99616 0.99364 0.99084 0.98933 0.98776 0.98442 0.98087 0.97147 0.96214 0.95373 0.95074 0.94667 0.94097 0.93645 0.93286 0.92998 0.92761 0.92562 0.92245 0.91957 0.91729 0.9167 0.91543 0.91388 0.91162 0.89741 0.88401 0.87132 0.85923 0.83652 0.81561 0.80577 0.7963 0.77836 0.76985 0.76161 0.74592 0.73114 0.72406 0.71717 0.70395 0.69138 0.67941 0.66798 0.66246 0.65706 0.64661 0.63658 0.61315 0.59172 0.57201 0.56565 0.55378 0.53683 0.52095 0.50606 0.49204 0.47881 0.46628 0.44306 0.42195 0.40263 0.38483 0.36834 0.35298 0.33862 0.32514 0.31245 0.30046 0.27832 0.25828 0.24893 0.23997 0.22315 0.20761 0.19317 0.17969 0.17328 0.16707 0.15521 0.14403 0.13346 0.12344 0.11392 0.10486 0.096234 0.076294 0.058357 0.042085 0.027206 0.013567 0.0025662 0.014567 0.026022 0.036998 0.047552
0.65534 0.95595 0.981 0.98887 0.99042 0.9927 0.99577 0.9965 0.99797 0.99986 1 0.99702 0.99463 0.99192 0.99045 0.98891 0.98565 0.98217 0.97291 0.96367 0.95528 0.95228 0.94819 0.94244 0.93785 0.93419 0.93123 0.92879 0.92673 0.92343 0.92048 0.91814 0.91753 0.91623 0.91461 0.91082 0.89645 0.88294 0.87014 0.85796 0.83506 0.81399 0.80407 0.79453 0.77647 0.7679 0.75961 0.74381 0.72894 0.72181 0.71489 0.70159 0.68895 0.67692 0.66544 0.65989 0.65446 0.64396 0.63389 0.61036 0.58886 0.56908 0.56271 0.5508 0.53381 0.51791 0.50299 0.48896 0.47572 0.46318 0.43996 0.41887 0.39957 0.38179 0.36532 0.35 0.33568 0.32224 0.30959 0.29764 0.27559 0.25564 0.24634 0.23743 0.22071 0.20527 0.19093 0.17756 0.1712 0.16504 0.15328 0.1422 0.13173 0.12181 0.11239 0.10343 0.094892 0.075182 0.057466 0.041403 0.026728 0.013284 0.0024454 0.014249 0.025524 0.03633 0.046722
0.6463 0.95356 0.97319 0.9825 0.98434 0.98707 0.99069 0.99159 0.99341 0.99616 0.99702 1 0.99859 0.9962 0.9949 0.99352 0.99057 0.98738 0.97869 0.96978 0.96149 0.95846 0.95429 0.94832 0.94345 0.93948 0.93622 0.93349 0.93117 0.92739 0.92415 0.92154 0.92086 0.9194 0.91759 0.90735 0.8925 0.8785 0.86524 0.85264 0.82898 0.80725 0.79703 0.78721 0.76861 0.7598 0.75128 0.73505 0.71979 0.71249 0.7054 0.69178 0.67886 0.66656 0.65484 0.64919 0.64365 0.63295 0.62269 0.59876 0.57695 0.55692 0.55047 0.53843 0.52127 0.50525 0.49025 0.47616 0.46287 0.45031 0.42708 0.40603 0.3868 0.36912 0.35278 0.33759 0.32342 0.31015 0.29767 0.2859 0.26423 0.24467 0.23558 0.22688 0.21057 0.19555 0.18164 0.16869 0.16254 0.15659 0.14526 0.13459 0.12453 0.11502 0.10601 0.097455 0.089315 0.070567 0.053772 0.038593 0.024769 0.012133 0.0019693 0.012963 0.02349 0.033594 0.043319
0.64144 0.95202 0.96876 0.97878 0.98078 0.98375 0.98771 0.9887 0.99067 0.99364 0.99463 0.99859 1 0.99835 0.99713 0.99583 0.99303 0.98998 0.98159 0.97284 0.96459 0.96156 0.95735 0.95127 0.94626 0.94214 0.93872 0.93585 0.9334 0.92938 0.92599 0.92325 0.92253 0.92099 0.91908 0.90556 0.89044 0.87619 0.86269 0.84987 0.82582 0.80374 0.79337 0.78339 0.76453 0.75559 0.74695 0.7305 0.71504 0.70765 0.70047 0.68669 0.67361 0.66119 0.64934 0.64363 0.63804 0.62723 0.61688 0.59274 0.57076 0.5506 0.54411 0.532 0.51475 0.49867 0.48363 0.4695 0.45619 0.44361 0.42038 0.39935 0.38016 0.36253 0.34625 0.33114 0.31704 0.30385 0.29146 0.27979 0.25831 0.23897 0.22998 0.22139 0.2053 0.1905 0.17681 0.16408 0.15804 0.1522 0.14109 0.13064 0.1208 0.1115 0.1027 0.094357 0.086424 0.068178 0.051866 0.037148 0.023771 0.011562 0.0017583 0.012328 0.022467 0.032209 0.041588
0.63643 0.95026 0.96398 0.97476 0.97691 0.98013 0.98442 0.98549 0.98763 0.99084 0.99192 0.9962 0.99835 1 0.99936 0.99814 0.9955 0.99259 0.98448 0.9759 0.96769 0.96465 0.96041 0.95422 0.94907 0.9448 0.94124 0.93822 0.93564 0.93138 0.92783 0.92496 0.9242 0.92258 0.92008 0.90372 0.88834 0.87382 0.86009 0.84704 0.82259 0.80017 0.78963 0.7795 0.76036 0.75129 0.74253 0.72586 0.71019 0.70271 0.69544 0.68149 0.66826 0.6557 0.64373 0.63795 0.63231 0.6214 0.61094 0.58659 0.56444 0.54415 0.53762 0.52544 0.50811 0.49196 0.47687 0.4627 0.44937 0.43678 0.41354 0.39253 0.37337 0.3558 0.33958 0.32454 0.31053 0.29742 0.28512 0.27355 0.25227 0.23314 0.22426 0.21578 0.19992 0.18534 0.17187 0.15937 0.15345 0.14773 0.13683 0.12661 0.11699 0.10791 0.099333 0.0912 0.083478 0.065746 0.04993 0.035687 0.022769 0.010999 0.0015632 0.011704 0.021449 0.030824 0.039856
0.63387 0.94928 0.96148 0.97265 0.97488 0.97821 0.98266 0.98378 0.986 0.98933 0.99045 0.9949 0.99713 0.99936 1 0.9993 0.99673 0.99389 0.98593 0.97743 0.96924 0.9662 0.96193 0.95569 0.95047 0.94613 0.9425 0.93941 0.93676 0.93239 0.92876 0.92582 0.92504 0.92338 0.91929 0.90279 0.88727 0.87263 0.85877 0.84561 0.82096 0.79835 0.78774 0.77753 0.75825 0.74911 0.74029 0.7235 0.70774 0.7002 0.69289 0.67885 0.66555 0.65292 0.64089 0.63508 0.62941 0.61844 0.60794 0.58348 0.56125 0.54088 0.53434 0.52212 0.50474 0.48856 0.47344 0.45926 0.44591 0.43331 0.41007 0.38907 0.36993 0.35239 0.3362 0.32119 0.30722 0.29416 0.28191 0.27038 0.24921 0.23019 0.22136 0.21294 0.19719 0.18273 0.16937 0.15699 0.15112 0.14546 0.13468 0.12457 0.11506 0.1061 0.097626 0.089602 0.081988 0.064518 0.048953 0.034952 0.022269 0.010723 0.0014743 0.011399 0.020944 0.030135 0.038992
0.63129 0.94822 0.95894 0.97048 0.97278 0.97624 0.98085 0.982 0.9843 0.98776 0.98891 0.99352 0.99583 0.99814 0.9993 1 0.99796 0.9952 0.98738 0.97896 0.9708 0.96775 0.96347 0.95717 0.95188 0.94747 0.94376 0.94061 0.93789 0.9334 0.92969 0.92668 0.92588 0.92418 0.9185 0.90185 0.88619 0.87142 0.85744 0.84417 0.81931 0.79653 0.78583 0.77555 0.75612 0.74692 0.73804 0.72113 0.70527 0.69768 0.69032 0.6762 0.66283 0.65012 0.63802 0.63219 0.62649 0.61546 0.60491 0.58035 0.55803 0.53759 0.53103 0.51878 0.50135 0.48514 0.46999 0.45579 0.44243 0.42982 0.40658 0.38558 0.36647 0.34895 0.33279 0.31782 0.30389 0.29088 0.27867 0.26719 0.24613 0.22721 0.21844 0.21007 0.19444 0.18009 0.16686 0.15459 0.14878 0.14317 0.13251 0.12251 0.11312 0.10427 0.095908 0.087994 0.080488 0.063283 0.047973 0.034217 0.02177 0.010451 0.0013928 0.0111 0.020444 0.029448 0.03813
0.62607 0.94592 0.95373 0.966 0.96844 0.97212 0.97705 0.97828 0.98073 0.98442 0.98565 0.99057 0.99303 0.9955 0.99673 0.99796 1 0.99781 0.99027 0.98202 0.97391 0.97085 0.96653 0.96013 0.95471 0.95015 0.94629 0.943 0.94016 0.93543 0.93156 0.9284 0.92756 0.92577 0.91691 0.89995 0.88402 0.86898 0.85475 0.84125 0.81598 0.79284 0.78197 0.77154 0.75183 0.74249 0.73349 0.71635 0.70027 0.6926 0.68514 0.67085 0.65732 0.64447 0.63225 0.62635 0.62059 0.60946 0.59881 0.57403 0.55153 0.53096 0.52435 0.51202 0.4945 0.47823 0.46303 0.44879 0.4354 0.42277 0.39952 0.37854 0.35946 0.34199 0.3259 0.31101 0.29716 0.28424 0.27213 0.26075 0.23989 0.22119 0.21254 0.20429 0.18889 0.17477 0.16177 0.14974 0.14405 0.13856 0.12812 0.11836 0.1092 0.10058 0.092443 0.084752 0.077466 0.060796 0.046002 0.032743 0.020777 0.0099194 0.0012506 0.010516 0.019457 0.028086 0.036417
0.62081 0.94341 0.94846 0.96138 0.96396 0.96785 0.97306 0.97437 0.97697 0.98087 0.98217 0.98738 0.98998 0.99259 0.99389 0.9952 0.99781 1 0.99317 0.98508 0.97702 0.97395 0.9696 0.9631 0.95754 0.95283 0.94883 0.9454 0.94243 0.93747 0.93343 0.93013 0.92925 0.92738 0.91529 0.89804 0.88182 0.86651 0.85203 0.83831 0.81262 0.78911 0.77808 0.76749 0.74749 0.73802 0.72889 0.71152 0.69524 0.68746 0.67991 0.66545 0.65176 0.63877 0.62641 0.62046 0.61464 0.6034 0.59264 0.56765 0.54498 0.52426 0.51761 0.50521 0.4876 0.47125 0.456 0.44172 0.4283 0.41566 0.39239 0.37143 0.35238 0.33497 0.31894 0.30412 0.29036 0.27752 0.26551 0.25423 0.23359 0.21512 0.20657 0.19844 0.18328 0.1694 0.15664 0.14484 0.13927 0.1339 0.1237 0.11418 0.10525 0.096855 0.088949 0.081484 0.07442 0.058293 0.044024 0.031269 0.019793 0.0094061 0.0011372 0.0099557 0.01849 0.026743 0.03472
0.60764 0.93669 0.93557 0.94983 0.95269 0.95699 0.9628 0.96425 0.96714 0.97147 0.97291 0.97869 0.98159 0.98448 0.98593 0.98738 0.99027 0.99317 1 0.99274 0.9848 0.98171 0.97728 0.97053 0.96465 0.95958 0.95522 0.95146 0.94816 0.94263 0.93816 0.93447 0.93349 0.93051 0.91123 0.89319 0.87627 0.86028 0.84517 0.83087 0.80414 0.77972 0.76827 0.75728 0.73655 0.72676 0.71731 0.69936 0.68254 0.67452 0.66674 0.65185 0.63776 0.62441 0.61173 0.60561 0.59965 0.58813 0.57712 0.55158 0.52846 0.50739 0.50063 0.48805 0.4702 0.45367 0.43828 0.42389 0.4104 0.3977 0.3744 0.35347 0.33452 0.31723 0.30137 0.28674 0.27319 0.26058 0.24881 0.23779 0.21769 0.19979 0.19153 0.1837 0.16913 0.15585 0.14369 0.13251 0.12724 0.12216 0.11257 0.10363 0.095295 0.087488 0.08016 0.073265 0.066765 0.052017 0.039082 0.027611 0.017383 0.0082005 0.00095524 0.008653 0.016169 0.023485 0.030588
0.59479 0.92984 0.92415 0.93927 0.94229 0.94685 0.95298 0.95451 0.95757 0.96214 0.96367 0.96978 0.97284 0.9759 0.97743 0.97896 0.98202 0.98508 0.99274 1 0.99258 0.98948 0.98496 0.97797 0.97178 0.96637 0.96166 0.95756 0.95395 0.94787 0.94292 0.93884 0.93776 0.92731 0.90718 0.88836 0.87071 0.85406 0.83833 0.82345 0.79569 0.77035 0.75848 0.7471 0.72566 0.71553 0.70577 0.68724 0.66991 0.66164 0.65363 0.63831 0.62383 0.61013 0.59711 0.59085 0.58474 0.57294 0.56168 0.53559 0.51204 0.4906 0.48374 0.47097 0.45289 0.43618 0.42064 0.40615 0.39257 0.37982 0.35648 0.33558 0.3167 0.29954 0.28384 0.2694 0.25606 0.24368 0.23216 0.2214 0.20184 0.1845 0.17654 0.169 0.15503 0.14236 0.13081 0.12023 0.11526 0.11049 0.10149 0.093154 0.085405 0.078182 0.071431 0.065108 0.059172 0.045806 0.034209 0.024037 0.015066 0.0071013 0.00088482 0.0074855 0.013997 0.020393 0.026652
0.58268 0.92332 0.91511 0.93052 0.93359 0.93822 0.94444 0.94599 0.94909 0.95373 0.95528 0.96149 0.96459 0.96769 0.96924 0.9708 0.97391 0.97702 0.9848 0.99258 1 0.99724 0.99265 0.98543 0.97892 0.97317 0.96812 0.96369 0.95978 0.95316 0.94772 0.94324 0.93979 0.9242 0.90323 0.88364 0.86528 0.84798 0.83165 0.8162 0.78742 0.7612 0.74893 0.73717 0.71503 0.70458 0.69452 0.67543 0.65758 0.64909 0.64085 0.62511 0.61025 0.5962 0.58287 0.57645 0.5702 0.55814 0.54663 0.52001 0.49603 0.47424 0.46728 0.45433 0.43602 0.41912 0.40344 0.38883 0.37518 0.36237 0.33898 0.3181 0.29931 0.28227 0.26672 0.25246 0.23933 0.22718 0.2159 0.20539 0.18636 0.16959 0.16191 0.15466 0.14127 0.1292 0.11824 0.10825 0.10358 0.099103 0.090695 0.082941 0.075769 0.069117 0.062932 0.057168 0.051785 0.039773 0.02949 0.020595 0.012861 0.006099 0.00089862 0.0064369 0.011977 0.017485 0.022936
0.57809 0.92083 0.91219 0.92759 0.93066 0.93528 0.94147 0.94302 0.94611 0.95074 0.95228 0.95846 0.96156 0.96465 0.9662 0.96775 0.97085 0.97395 0.98171 0.98948 0.99724 1 0.99573 0.98841 0.98178 0.9759 0.97072 0.96615 0.96212 0.95528 0.94965 0.945 0.93883 0.92299 0.90169 0.8818 0.86316 0.84561 0.82905 0.81339 0.78421 0.75764 0.74522 0.73331 0.7109 0.70033 0.69015 0.67084 0.6528 0.64421 0.63589 0.61998 0.60498 0.59079 0.57733 0.57086 0.56455 0.55239 0.54079 0.51397 0.48981 0.46789 0.46088 0.44787 0.42947 0.4125 0.39676 0.38211 0.36842 0.35559 0.33219 0.31131 0.29255 0.27555 0.26007 0.24588 0.23283 0.22077 0.20958 0.19916 0.18035 0.16379 0.15623 0.14909 0.13593 0.12408 0.11336 0.1036 0.099042 0.094682 0.086503 0.078976 0.072029 0.0656 0.059634 0.054088 0.04892 0.037435 0.027665 0.019269 0.012017 0.005725 0.00092198 0.0060494 0.011213 0.016379 0.021519
0.57149 0.9172 0.90856 0.9238 0.92684 0.93141 0.93752 0.93905 0.9421 0.94667 0.94819 0.95429 0.95735 0.96041 0.96193 0.96347 0.96653 0.9696 0.97728 0.98496 0.99265 0.99573 1 0.99289 0.98608 0.97999 0.97461 0.96985 0.96563 0.95847 0.95254 0.94464 0.93743 0.92123 0.89945 0.87913 0.86008 0.84216 0.82526 0.80928 0.77953 0.75246 0.73981 0.72769 0.70488 0.69413 0.68377 0.66415 0.64582 0.6371 0.62865 0.61251 0.59729 0.5829 0.56927 0.56271 0.55633 0.54401 0.53227 0.50515 0.48075 0.45863 0.45157 0.43845 0.41993 0.40285 0.38702 0.37231 0.35857 0.34571 0.32227 0.30141 0.28269 0.26576 0.25036 0.23628 0.22335 0.21141 0.20036 0.19009 0.17158 0.15534 0.14794 0.14096 0.12814 0.11663 0.10624 0.096818 0.09243 0.088237 0.080393 0.073198 0.066579 0.060474 0.05483 0.049601 0.044747 0.034032 0.025011 0.017343 0.010798 0.0051948 0.00097719 0.0055027 0.010119 0.014787 0.019475
0.56137 0.91164 0.90413 0.9189 0.92184 0.92625 0.93215 0.93362 0.93656 0.94097 0.94244 0.94832 0.95127 0.95422 0.95569 0.95717 0.96013 0.9631 0.97053 0.97797 0.98543 0.98841 0.99289 1 0.99325 0.98682 0.9811 0.97602 0.97149 0.96381 0.95737 0.94271 0.93524 0.91847 0.89593 0.87491 0.85524 0.83674 0.81929 0.80281 0.77217 0.74431 0.7313 0.71884 0.69542 0.68438 0.67375 0.65363 0.63486 0.62593 0.61728 0.60077 0.58521 0.57051 0.5566 0.54991 0.54339 0.53084 0.51889 0.4913 0.46651 0.44408 0.43692 0.42365 0.40493 0.38767 0.37172 0.3569 0.34309 0.33017 0.30669 0.28584 0.26718 0.25036 0.2351 0.22118 0.20843 0.1967 0.18586 0.17582 0.15778 0.14204 0.1349 0.12818 0.11588 0.1049 0.095049 0.08616 0.082037 0.07811 0.070792 0.064119 0.058016 0.052422 0.047283 0.042554 0.038195 0.028693 0.020853 0.014333 0.0089025 0.0043862 0.0010935 0.0046753 0.0084349 0.012324 0.016306
0.5524 0.90676 0.90127 0.91541 0.91823 0.92244 0.92805 0.92945 0.93225 0.93645 0.93785 0.94345 0.94626 0.94907 0.95047 0.95188 0.95471 0.95754 0.96465 0.97178 0.97892 0.98178 0.98608 0.99325 1 0.99366 0.9876 0.98219 0.97736 0.96914 0.96221 0.94096 0.93326 0.91596 0.89274 0.87109 0.85083 0.83181 0.81388 0.79694 0.76548 0.73691 0.72357 0.71081 0.68683 0.67553 0.66466 0.64409 0.62491 0.61579 0.60696 0.59012 0.57426 0.55928 0.54511 0.5383 0.53167 0.5189 0.50675 0.47873 0.4536 0.43088 0.42364 0.41022 0.39132 0.37391 0.35783 0.34292 0.32904 0.31608 0.29255 0.27171 0.25311 0.23638 0.22125 0.20748 0.1949 0.18335 0.17271 0.16287 0.14527 0.12999 0.12308 0.11659 0.10477 0.094273 0.084901 0.076495 0.072612 0.068925 0.062086 0.055887 0.050253 0.045123 0.040443 0.036167 0.032258 0.023858 0.01709 0.011615 0.0071989 0.0036726 0.0012225 0.003951 0.0069356 0.010122 0.013468
0.54465 0.90251 0.89947 0.91294 0.91562 0.91962 0.92492 0.92625 0.92889 0.93286 0.93419 0.93948 0.94214 0.9448 0.94613 0.94747 0.95015 0.95283 0.95958 0.96637 0.97317 0.9759 0.97999 0.98682 0.99366 1 0.99409 0.98836 0.98323 0.97447 0.96704 0.93942 0.93152 0.91377 0.88994 0.86774 0.84697 0.82749 0.80913 0.79179 0.75962 0.73042 0.7168 0.70377 0.67929 0.66777 0.65669 0.63573 0.61619 0.6069 0.59792 0.58078 0.56465 0.54942 0.53503 0.52811 0.52138 0.50843 0.49611 0.46772 0.44228 0.41931 0.412 0.39845 0.37939 0.36184 0.34566 0.33066 0.31672 0.30371 0.28014 0.25932 0.24076 0.22412 0.2091 0.19546 0.18302 0.17164 0.16117 0.15151 0.13429 0.11941 0.1127 0.10642 0.09502 0.084947 0.076 0.068017 0.064346 0.06087 0.054451 0.048668 0.043446 0.038723 0.034445 0.030568 0.027053 0.019621 0.013795 0.0092392 0.0057141 0.0030584 0.001347 0.0033309 0.005637 0.0082087 0.011001
0.53807 0.89878 0.89838 0.91118 0.91372 0.9175 0.9225 0.92374 0.92624 0.92998 0.93123 0.93622 0.93872 0.94124 0.9425 0.94376 0.94629 0.94883 0.95522 0.96166 0.96812 0.97072 0.97461 0.9811 0.9876 0.99409 1 0.99453 0.98908 0.9798 0.96654 0.93814 0.93006 0.91192 0.88759 0.86492 0.84372 0.82385 0.80515 0.78747 0.75469 0.72497 0.71111 0.69786 0.67297 0.66126 0.65 0.62871 0.60887 0.59944 0.59033 0.57294 0.55658 0.54116 0.52657 0.51957 0.51275 0.49964 0.48718 0.45847 0.43278 0.4096 0.40223 0.38857 0.36938 0.35172 0.33544 0.32037 0.30638 0.29334 0.26973 0.24891 0.2304 0.21383 0.19889 0.18537 0.17305 0.1618 0.15148 0.14197 0.12507 0.11053 0.10399 0.097882 0.086835 0.077119 0.068528 0.060902 0.057409 0.05411 0.048044 0.042611 0.037735 0.033353 0.029414 0.025871 0.022687 0.016069 0.011036 0.0072527 0.0044774 0.0025546 0.0014661 0.002825 0.0045624 0.0066192 0.0089492
0.53282 0.8956 0.89773 0.90986 0.91227 0.91585 0.92056 0.92173 0.92408 0.92761 0.92879 0.93349 0.93585 0.93822 0.93941 0.94061 0.943 0.9454 0.95146 0.95756 0.96369 0.96615 0.96985 0.97602 0.98219 0.98836 0.99453 1 0.99493 0.9851 0.96602 0.93713 0.92891 0.91047 0.88574 0.8627 0.84117 0.82099 0.802 0.78406 0.75081 0.72068 0.70663 0.6932 0.66799 0.65613 0.64472 0.62317 0.6031 0.59356 0.58434 0.56676 0.55023 0.53464 0.5199 0.51283 0.50595 0.49272 0.48013 0.45118 0.42529 0.40195 0.39452 0.38079 0.36149 0.34373 0.32738 0.31226 0.29822 0.28515 0.26152 0.24071 0.22223 0.20571 0.19085 0.17741 0.1652 0.15405 0.14384 0.13445 0.11781 0.10352 0.097128 0.091152 0.080384 0.070948 0.062639 0.055293 0.05194 0.048781 0.042994 0.037836 0.033233 0.029121 0.025448 0.022169 0.019247 0.01327 0.0088617 0.0056873 0.0035037 0.0021592 0.0015636 0.0024282 0.0037174 0.0053687 0.0073329
0.52893 0.89291 0.89728 0.90885 0.91115 0.91454 0.91897 0.92007 0.92228 0.92562 0.92673 0.93117 0.9334 0.93564 0.93676 0.93789 0.94016 0.94243 0.94816 0.95395 0.95978 0.96212 0.96563 0.97149 0.97736 0.98323 0.98908 0.99493 1 0.99039 0.96564 0.93641 0.9281 0.90944 0.88442 0.86112 0.83934 0.81896 0.79978 0.78164 0.74805 0.71762 0.70344 0.68988 0.66444 0.65248 0.64097 0.61924 0.59899 0.58938 0.58009 0.56237 0.54571 0.53 0.51516 0.50804 0.50111 0.48779 0.47513 0.446 0.41996 0.3965 0.38905 0.37525 0.35588 0.33806 0.32165 0.30649 0.29243 0.27934 0.25569 0.23488 0.21642 0.19995 0.18513 0.17175 0.15961 0.14854 0.13841 0.12911 0.11264 0.098547 0.092248 0.086368 0.075798 0.066561 0.058452 0.051306 0.048052 0.044993 0.039403 0.034441 0.030032 0.026112 0.022628 0.019537 0.0168 0.011279 0.0073131 0.0045764 0.0028101 0.0018757 0.0016193 0.0021436 0.0031136 0.0044753 0.0061867
0.52738 0.8902 0.89695 0.90745 0.90953 0.91258 0.91652 0.9175 0.91947 0.92245 0.92343 0.92739 0.92938 0.93138 0.93239 0.9334 0.93543 0.93747 0.94263 0.94787 0.95316 0.95528 0.95847 0.96381 0.96914 0.97447 0.9798 0.9851 0.99039 1 0.96879 0.93929 0.9309 0.91207 0.88682 0.8633 0.84132 0.82077 0.80143 0.78314 0.74929 0.71863 0.70435 0.69069 0.66507 0.65302 0.64144 0.61955 0.59917 0.58949 0.58013 0.56229 0.54552 0.52971 0.51477 0.5076 0.50063 0.48722 0.47448 0.44517 0.41897 0.39538 0.38788 0.37401 0.35453 0.3366 0.32011 0.30486 0.29072 0.27757 0.2538 0.23291 0.21438 0.19786 0.18301 0.16961 0.15745 0.14638 0.13625 0.12696 0.11053 0.096477 0.090204 0.084347 0.073841 0.064673 0.056636 0.049565 0.04635 0.04333 0.037821 0.03294 0.028612 0.024772 0.02137 0.018361 0.015708 0.0104 0.006655 0.004146 0.0026082 0.0019084 0.0018497 0.0020889 0.002802 0.003938 0.0054583
0.54059 0.89525 0.89628 0.90573 0.9076 0.91038 0.91407 0.915 0.91683 0.91957 0.92048 0.92415 0.92599 0.92783 0.92876 0.92969 0.93156 0.93343 0.93816 0.94292 0.94772 0.94965 0.95254 0.95737 0.96221 0.96704 0.96654 0.96602 0.96564 0.96879 1 0.97096 0.96258 0.94375 0.91848 0.89491 0.87286 0.85216 0.83265 0.81423 0.78012 0.7492 0.73478 0.72098 0.69508 0.68289 0.67117 0.64899 0.62833 0.61852 0.60902 0.59091 0.57388 0.5578 0.54261 0.53532 0.52822 0.51456 0.50157 0.47167 0.44491 0.42078 0.41311 0.39889 0.37892 0.36054 0.3436 0.32793 0.31338 0.29982 0.27529 0.25366 0.23445 0.21726 0.20178 0.18777 0.17503 0.16339 0.15273 0.14292 0.1255 0.11053 0.10382 0.09755 0.086237 0.076309 0.067555 0.059804 0.056262 0.052923 0.046797 0.041328 0.036438 0.032061 0.028142 0.024634 0.021497 0.015045 0.010237 0.0067178 0.0042499 0.0026534 0.0017684 0.0012832 0.001321 0.0017995 0.0026527
0.55189 0.89826 0.89569 0.90447 0.9062 0.90879 0.91219 0.91304 0.91474 0.91729 0.91814 0.92154 0.92325 0.92496 0.92582 0.92668 0.9284 0.93013 0.93447 0.93884 0.94324 0.945 0.94464 0.94271 0.94096 0.93942 0.93814 0.93713 0.93641 0.93929 0.97096 1 0.99179 0.97297 0.94769 0.92408 0.90196 0.88118 0.86158 0.84303 0.80871 0.77757 0.76304 0.74913 0.723 0.71069 0.69885 0.67644 0.65555 0.64561 0.636 0.61766 0.60039 0.5841 0.56868 0.56128 0.55407 0.5402 0.52699 0.49657 0.46932 0.44473 0.43689 0.42238 0.40197 0.38317 0.36584 0.34978 0.33486 0.32094 0.29571 0.27343 0.2536 0.23581 0.21976 0.2052 0.19193 0.17979 0.16864 0.15836 0.14006 0.12426 0.11716 0.11051 0.09847 0.087856 0.078452 0.070087 0.066248 0.06262 0.055936 0.049935 0.044535 0.03967 0.035282 0.031322 0.027748 0.020261 0.014488 0.010078 0.0067637 0.0043638 0.0027044 0.0015879 0.0010025 0.00087609 0.0011507
0.55509 0.8988 0.89558 0.90415 0.90585 0.90837 0.9117 0.91253 0.9142 0.9167 0.91753 0.92086 0.92253 0.9242 0.92504 0.92588 0.92756 0.92925 0.93349 0.93776 0.93979 0.93883 0.93743 0.93524 0.93326 0.93152 0.93006 0.92891 0.9281 0.9309 0.96258 0.99179 1 0.98131 0.95603 0.93241 0.91027 0.88947 0.86985 0.85127 0.81689 0.7857 0.77114 0.7572 0.73101 0.71867 0.7068 0.68432 0.66336 0.6534 0.64376 0.62535 0.60802 0.59167 0.57619 0.56876 0.56152 0.54759 0.53432 0.50376 0.47637 0.45165 0.44377 0.42917 0.40864 0.38973 0.37228 0.35612 0.34109 0.32707 0.30165 0.27918 0.25917 0.24121 0.225 0.21029 0.19688 0.18459 0.1733 0.16289 0.14434 0.12832 0.1211 0.11435 0.1021 0.091292 0.081705 0.073166 0.069245 0.065535 0.058693 0.052541 0.046998 0.041995 0.037475 0.033387 0.029689 0.021911 0.015867 0.011204 0.0076531 0.005028 0.0031554 0.0018533 0.0010894 0.00079054 0.00089776
0.56228 0.89963 0.89535 0.90349 0.90511 0.90751 0.91067 0.91146 0.91305 0.91543 0.91623 0.9194 0.92099 0.92258 0.92338 0.92418 0.92577 0.92738 0.93051 0.92731 0.9242 0.92299 0.92123 0.91847 0.91596 0.91377 0.91192 0.91047 0.90944 0.91207 0.94375 0.97297 0.98131 1 0.97478 0.95115 0.92898 0.90814 0.88847 0.86984 0.83535 0.80404 0.78942 0.77542 0.74909 0.73669 0.72474 0.70213 0.68104 0.67101 0.66129 0.64275 0.62529 0.6088 0.59319 0.5857 0.57839 0.56432 0.55093 0.52006 0.49237 0.46735 0.45938 0.4446 0.42379 0.40463 0.38694 0.37053 0.35527 0.34102 0.31517 0.2923 0.27189 0.25356 0.237 0.22194 0.2082 0.1956 0.184 0.1733 0.15419 0.13765 0.13018 0.12319 0.11049 0.09925 0.089256 0.08033 0.076221 0.072329 0.065136 0.058648 0.052784 0.047474 0.042658 0.038285 0.034312 0.025882 0.019233 0.014009 0.0099288 0.0068026 0.0044518 0.0027355 0.0015698 0.00088337 0.00061841
0.57235 0.9 0.89519 0.9027 0.90419 0.90645 0.90941 0.91015 0.91165 0.91388 0.91461 0.91759 0.91908 0.92008 0.91929 0.9185 0.91691 0.91529 0.91123 0.90718 0.90323 0.90169 0.89945 0.89593 0.89274 0.88994 0.88759 0.88574 0.88442 0.88682 0.91848 0.94769 0.95603 0.97478 1 0.97638 0.9542 0.93331 0.91358 0.8949 0.86028 0.82883 0.81414 0.80006 0.77357 0.76108 0.74905 0.72627 0.705 0.69488 0.68508 0.66637 0.64874 0.63208 0.6163 0.60872 0.60133 0.5871 0.57354 0.54226 0.51419 0.48879 0.48069 0.46568 0.44451 0.42502 0.407 0.39028 0.37471 0.36017 0.33374 0.31033 0.28941 0.27059 0.25354 0.23804 0.22386 0.21084 0.19884 0.18775 0.16791 0.15067 0.14288 0.13558 0.12227 0.11046 0.09992 0.090479 0.086123 0.081988 0.074327 0.067393 0.061102 0.055382 0.050172 0.045419 0.041079 0.031784 0.024333 0.018355 0.013577 0.0097863 0.0068167 0.0045229 0.0028146 0.0016069 0.00083006
0.58213 0.89879 0.89517 0.90206 0.90345 0.90564 0.90838 0.90908 0.91048 0.91162 0.91082 0.90735 0.90556 0.90372 0.90279 0.90185 0.89995 0.89804 0.89319 0.88836 0.88364 0.8818 0.87913 0.87491 0.87109 0.86774 0.86492 0.8627 0.86112 0.8633 0.89491 0.92408 0.93241 0.95115 0.97638 1 0.97782 0.95691 0.93714 0.91843 0.88372 0.85215 0.83739 0.82325 0.79662 0.78406 0.77196 0.74903 0.72762 0.71742 0.70755 0.68868 0.6709 0.65409 0.63817 0.63051 0.62305 0.60867 0.59496 0.56332 0.5349 0.50917 0.50096 0.48572 0.46423 0.44443 0.42612 0.40912 0.39327 0.37845 0.35151 0.32759 0.3062 0.28692 0.26945 0.25352 0.23895 0.22554 0.21318 0.20173 0.18121 0.16335 0.15526 0.14766 0.13379 0.12145 0.11042 0.1005 0.095918 0.09156 0.083468 0.076122 0.069437 0.063339 0.057766 0.052665 0.047987 0.037896 0.029709 0.023039 0.01762 0.013223 0.0096905 0.0068462 0.0046248 0.002926 0.0016673
0.59106 0.89632 0.89534 0.9018 0.90294 0.90461 0.90273 0.90193 0.90019 0.89741 0.89645 0.8925 0.89044 0.88834 0.88727 0.88619 0.88402 0.88182 0.87627 0.87071 0.86528 0.86316 0.86008 0.85524 0.85083 0.84697 0.84372 0.84117 0.83934 0.84132 0.87286 0.90196 0.91027 0.92898 0.9542 0.97782 1 0.97907 0.95929 0.94059 0.90581 0.87416 0.85935 0.84514 0.8184 0.80579 0.79363 0.77057 0.74903 0.73877 0.72883 0.70984 0.69192 0.67498 0.65893 0.6512 0.64368 0.62916 0.61533 0.58337 0.55463 0.52859 0.52028 0.50484 0.48306 0.46298 0.4444 0.42713 0.41102 0.39595 0.36853 0.34416 0.32233 0.30263 0.28476 0.26845 0.2535 0.23975 0.22704 0.21526 0.19412 0.17568 0.16731 0.15945 0.14506 0.13224 0.12074 0.11039 0.10559 0.10103 0.092536 0.08481 0.07776 0.071313 0.065405 0.05998 0.054991 0.044165 0.035306 0.027989 0.021988 0.01704 0.013023 0.0096286 0.0069249 0.0047687 0.0030415
0.599 0.89266 0.89522 0.89709 0.89585 0.89369 0.88999 0.88901 0.88705 0.88401 0.88294 0.8785 0.87619 0.87382 0.87263 0.87142 0.86898 0.86651 0.86028 0.85406 0.84798 0.84561 0.84216 0.83674 0.83181 0.82749 0.82385 0.82099 0.81896 0.82077 0.85216 0.88118 0.88947 0.90814 0.93331 0.95691 0.97907 1 0.98028 0.96153 0.92671 0.89498 0.88013 0.86589 0.83905 0.82639 0.81418 0.79102 0.76937 0.75905 0.74906 0.72995 0.71192 0.69486 0.67869 0.67091 0.66332 0.64869 0.63474 0.60249 0.57347 0.54715 0.53874 0.52313 0.50108 0.48075 0.46191 0.44439 0.42805 0.41275 0.38487 0.36008 0.33784 0.31776 0.29952 0.28285 0.26756 0.25348 0.24046 0.22838 0.20666 0.18768 0.17905 0.17094 0.15608 0.14281 0.13088 0.12012 0.11513 0.11038 0.10152 0.093437 0.086049 0.079277 0.073057 0.067332 0.062055 0.050551 0.041056 0.033183 0.026626 0.021169 0.016619 0.012805 0.0096454 0.0070549 0.0049629
0.60647 0.8884 0.89139 0.88601 0.88443 0.88184 0.87789 0.87685 0.87471 0.87132 0.87014 0.86524 0.86269 0.86009 0.85877 0.85744 0.85475 0.85203 0.84517 0.83833 0.83165 0.82905 0.82526 0.81929 0.81388 0.80913 0.80515 0.802 0.79978 0.80143 0.83265 0.86158 0.86985 0.88847 0.91358 0.93714 0.95929 0.98028 1 0.98137 0.94652 0.91474 0.89986 0.88558 0.85867 0.84596 0.8337 0.81046 0.78871 0.77835 0.76831 0.7491 0.73097 0.71381 0.69753 0.6897 0.68206 0.66733 0.65328 0.62077 0.59149 0.56491 0.55642 0.54064 0.51835 0.49778 0.47871 0.46096 0.4444 0.42888 0.40059 0.3754 0.35279 0.33235 0.31376 0.29676 0.28116 0.26677 0.25346 0.24109 0.21884 0.19936 0.1905 0.18215 0.16685 0.15315 0.14083 0.1297 0.12452 0.11959 0.11038 0.10197 0.094271 0.087197 0.080685 0.074681 0.069134 0.056998 0.046912 0.038522 0.031451 0.025525 0.020495 0.016268 0.012679 0.0096805 0.0072361
0.61375 0.88376 0.8814 0.87514 0.87343 0.87061 0.86639 0.86526 0.86293 0.85923 0.85796 0.85264 0.84987 0.84704 0.84561 0.84417 0.84125 0.83831 0.83087 0.82345 0.8162 0.81339 0.80928 0.80281 0.79694 0.79179 0.78747 0.78406 0.78164 0.78314 0.81423 0.84303 0.85127 0.86984 0.8949 0.91843 0.94059 0.96153 0.98137 1 0.96535 0.93352 0.91862 0.90431 0.87734 0.8646 0.85231 0.82898 0.80716 0.79676 0.78667 0.76738 0.74916 0.73191 0.71554 0.70766 0.69997 0.68515 0.671 0.63826 0.60875 0.58194 0.57337 0.55743 0.53491 0.51412 0.49484 0.47688 0.46011 0.4444 0.41572 0.39016 0.3672 0.34642 0.32751 0.31021 0.29431 0.27964 0.26605 0.25343 0.23068 0.21073 0.20164 0.19309 0.17737 0.16328 0.15059 0.1391 0.13375 0.12865 0.11912 0.11041 0.10241 0.095049 0.088265 0.081998 0.076199 0.063471 0.052851 0.043934 0.036406 0.030049 0.024661 0.019947 0.015951 0.012574 0.0097338
0.62806 0.87412 0.86185 0.85468 0.85273 0.84951 0.84469 0.84341 0.84074 0.83652 0.83506 0.82898 0.82582 0.82259 0.82096 0.81931 0.81598 0.81262 0.80414 0.79569 0.78742 0.78421 0.77953 0.77217 0.76548 0.75962 0.75469 0.75081 0.74805 0.74929 0.78012 0.80871 0.81689 0.83535 0.86028 0.88372 0.90581 0.92671 0.94652 0.96535 1 0.96839 0.95345 0.93911 0.91205 0.89926 0.88692 0.86349 0.84154 0.83107 0.82091 0.80148 0.78311 0.76571 0.74919 0.74123 0.73347 0.71849 0.70419 0.67104 0.64113 0.61392 0.60521 0.58903 0.56612 0.54494 0.52528 0.50696 0.48983 0.47376 0.44439 0.41818 0.39459 0.37322 0.35374 0.33589 0.31946 0.30427 0.29019 0.27709 0.25344 0.23264 0.22315 0.21419 0.19772 0.18291 0.16953 0.15739 0.15173 0.14632 0.1362 0.12691 0.11836 0.11047 0.10318 0.096422 0.09015 0.076307 0.06466 0.054787 0.046372 0.039185 0.033021 0.027548 0.022841 0.018792 0.015314
0.64196 0.86446 0.84368 0.83575 0.83359 0.83002 0.82468 0.82325 0.82029 0.81561 0.81399 0.80725 0.80374 0.80017 0.79835 0.79653 0.79284 0.78911 0.77972 0.77035 0.7612 0.75764 0.75246 0.74431 0.73691 0.73042 0.72497 0.72068 0.71762 0.71863 0.7492 0.77757 0.7857 0.80404 0.82883 0.85215 0.87416 0.89498 0.91474 0.93352 0.96839 1 0.98527 0.97092 0.94382 0.931 0.91862 0.89511 0.87307 0.86255 0.85235 0.83281 0.81433 0.79681 0.78017 0.77215 0.76432 0.74922 0.73478 0.70131 0.67107 0.64353 0.63471 0.6183 0.59507 0.57357 0.55359 0.53495 0.5175 0.50113 0.47118 0.4444 0.42027 0.39837 0.37838 0.36005 0.34315 0.32752 0.31301 0.29948 0.27503 0.25347 0.24362 0.23431 0.21716 0.20171 0.18772 0.175 0.16905 0.16337 0.15271 0.14291 0.13386 0.1255 0.11775 0.11055 0.10385 0.088991 0.07641 0.065668 0.056444 0.0485 0.041626 0.035486 0.03015 0.025507 0.021466
0.64872 0.85955 0.83508 0.82681 0.82455 0.82082 0.81524 0.81375 0.81066 0.80577 0.80407 0.79703 0.79337 0.78963 0.78774 0.78583 0.78197 0.77808 0.76827 0.75848 0.74893 0.74522 0.73981 0.7313 0.72357 0.7168 0.71111 0.70663 0.70344 0.70435 0.73478 0.76304 0.77114 0.78942 0.81414 0.83739 0.85935 0.88013 0.89986 0.91862 0.95345 0.98527 1 0.98585 0.95874 0.94591 0.93353 0.90998 0.88791 0.87737 0.86715 0.84757 0.82904 0.81147 0.79478 0.78673 0.77888 0.76372 0.74923 0.71562 0.68523 0.65755 0.64868 0.63218 0.6088 0.58715 0.56702 0.54824 0.53066 0.51415 0.48393 0.4569 0.43251 0.41038 0.39016 0.37161 0.3545 0.33866 0.32395 0.31024 0.28541 0.26351 0.25349 0.24402 0.22656 0.21081 0.19654 0.18355 0.17748 0.17166 0.16076 0.15072 0.14144 0.13286 0.12489 0.11749 0.11059 0.095263 0.082248 0.071104 0.061504 0.053208 0.046003 0.039554 0.033926 0.029007 0.024705
0.65531 0.85446 0.82677 0.81819 0.81585 0.81197 0.80616 0.80461 0.80139 0.7963 0.79453 0.78721 0.78339 0.7795 0.77753 0.77555 0.77154 0.76749 0.75728 0.7471 0.73717 0.73331 0.72769 0.71884 0.71081 0.70377 0.69786 0.6932 0.68988 0.69069 0.72098 0.74913 0.7572 0.77542 0.80006 0.82325 0.84514 0.86589 0.88558 0.90431 0.93911 0.97092 0.98585 1 0.97309 0.96025 0.94786 0.92429 0.90219 0.89164 0.8814 0.86178 0.84321 0.8256 0.80886 0.8008 0.79292 0.77771 0.76317 0.72944 0.69891 0.67109 0.66217 0.64558 0.62207 0.60029 0.58003 0.56111 0.5434 0.52676 0.49629 0.46902 0.4444 0.42204 0.40161 0.38285 0.36554 0.34951 0.33461 0.32071 0.29554 0.27331 0.26313 0.25351 0.23575 0.21973 0.20519 0.19194 0.18574 0.17981 0.16867 0.1584 0.14891 0.14011 0.13194 0.12434 0.11725 0.10148 0.088054 0.076527 0.066567 0.057936 0.050414 0.043671 0.037763 0.032579 0.028029
0.66768 0.84404 0.81103 0.80183 0.79931 0.79516 0.78894 0.78727 0.78382 0.77836 0.77647 0.76861 0.76453 0.76036 0.75825 0.75612 0.75183 0.74749 0.73655 0.72566 0.71503 0.7109 0.70488 0.69542 0.68683 0.67929 0.67297 0.66799 0.66444 0.66507 0.69508 0.723 0.73101 0.74909 0.77357 0.79662 0.8184 0.83905 0.85867 0.87734 0.91205 0.94382 0.95874 0.97309 1 0.98738 0.97498 0.95138 0.92924 0.91867 0.9084 0.88872 0.87009 0.85241 0.83559 0.82748 0.81957 0.80428 0.78965 0.75569 0.72493 0.69687 0.68787 0.67112 0.64738 0.62534 0.60484 0.58569 0.56774 0.55086 0.51994 0.49222 0.46718 0.44441 0.42358 0.40443 0.38675 0.37036 0.35512 0.34089 0.31507 0.29223 0.28177 0.27186 0.25355 0.23701 0.22197 0.20824 0.20182 0.19566 0.18408 0.17339 0.1635 0.15431 0.14576 0.13779 0.13035 0.11375 0.099547 0.0873 0.076673 0.067416 0.059309 0.052007 0.045574 0.039896 0.034876
